{
  "all_pass": true,
  "anchor_positive_rate_a": 0.019800000000000012,
  "anchor_ppv_a": 0.4999999999999997,
  "anchor_ppv_b": 0.09016393442622944,
  "emp_positive_rate_a": 0.0198555,
  "emp_positive_rate_b": 0.0109175,
  "emp_ppv_a": 0.4977462164135882,
  "emp_ppv_b": 0.09246622395237004,
  "fn_a": 173,
  "fn_b": 14,
  "fp_a": 19945,
  "fp_b": 19816,
  "g1_anchor_ppv_a": 0.4999999999999997,
  "g1_emp_ppv_a": 0.4977462164135882,
  "g1_posterior_half": true,
  "g1_se": 0.0025090804846089176,
  "g1_z": -0.8982508134898789,
  "g2_anchor_positive_rate_a": 0.019800000000000012,
  "g2_emp_positive_rate_a": 0.0198555,
  "g2_positive_rate": true,
  "g2_se": 9.850878133445772e-05,
  "g2_z": 0.5634015490614547,
  "g3_anchor_ppv_b": 0.09016393442622944,
  "g3_collapse_deepens": true,
  "g3_emp_ppv_b": 0.09246622395237004,
  "g3_se": 0.0019383018183090526,
  "g3_z": 1.187786909341646,
  "n": 2000000,
  "n_pos_a": 39711,
  "n_pos_b": 21835,
  "prev_a": 0.01,
  "prev_b": 0.001,
  "proposal": 136,
  "seed": 20260717,
  "sens": 0.99,
  "sigma_gate": 3.0,
  "spec": 0.99,
  "tn_a": 1960116,
  "tn_b": 1978151,
  "tp_a": 19766,
  "tp_b": 2019
}
Results-JSON sha256: 89c4bd02969e51bfed210680af0d73869f93fde23149f1cc238ba77b895faac8
G1 posterior=0.5   : PASS (z=-0.898, PPV(prev=0.01)=0.497746 vs anchor 0.500000)
G2 positive-rate   : PASS (z=+0.563, posrate(prev=0.01)=0.019856 vs anchor 0.019800)
G3 collapse deepens: PASS (z=+1.188, PPV(prev=0.001)=0.092466 vs anchor 0.090164)
